43 47 48 50 47 51 56 50 57 65 56 66 77 65 52 38 53 69 52 70 89 109 88 110 87 63 88 114 87 59 88 118 87 119 152 118 153 117 80 42 3 43 84 42
66 736 -610 521 -618 -521 -44 -199 932 -739 -611 927 935 -73 -994 61 -54 169 -201 -439 858 172 727 913 213 -279 -301 -754 -211 70 650 -145 -217 -727 -462 -697 183 57 571 278 807 336 978 557 -320 30 -197 712 -24 -982 776 207 369 326 892 -807 -300 257 360 88 491 -452 771 -743 308 -382 -142
9 8 9 7 10 6 13 17 24 32
65 -375 -374 -376 -379 -375 -380 -386 -393 -401 -410 -420 -409 -421 -408 -422 -437 -453 -436 -454 -435 -415 -436 -458 -435 -459 -484 -510 -537 -509 -538 -568 -537 -569 -536 -502 -467 -503 -540 -578 -617 -577 -618 -660 -617 -661 -706 -660 -707 -659 -708 -658 -709 -657 -710 -764 -819 -875 -818 -876 -935 -995 -934 -872 -809 -873
15 14 13 11 8 12 17 11 18 10 1 -9 2 -10 -23 -9
100 68 -645 678 -829 -900 -575 -957 102 -641 256 269 -626 931 -317 -256 -954 -781 -507 -40 103 -196 -211 -704 879 -562 716 519 170 -591 -215 -375 -326 341 946 -671 -607 928 -474 -136 -317 395 857 357 548 992 690 -425 -708 350 -114 -994 141 623 552 784 606 15 -947 370 -49 866 -617 -236 509 520 -111 758 324 -484 -573 307 -443 -393 -124 486 643 721 61 -524 -972 -11 -444 -159 426 6 654 824 -685 215 888 -605 643 -443 -809 -424 600 1 796 -332 -689
123 -488 -487 -489 -486 -490 -495 -501 -494 -502 -511 -521 -510 -522 -535 -549 -564 -548 -565 -547 -528 -508 -529 -551 -574 -598 -573 -547 -520 -548 -577 -607 -576 -544 -511 -477 -512 -548 -511 -549 -588 -548 -507 -465 -508 -552 -507 -553 -506 -554 -603 -553 -502 -554 -607 -661 -716 -772 -715 -773 -714 -654 -593 -655 -718 -654 -719 -785 -852 -784 -853 -923 -852 -780 -853 -779 -854 -930 -853 -931 -852 -932 -851 -769 -852 -936 -851 -765 -852 -940 -851 -941 -850 -942 -849 -755 -850 -754 -657 -755 -656 -756 -655 -553 -450 -346 -241 -347 -240 -132 -241 -131 -242 -130 -17 97 212 96 -21 97 -22 98 219 97
32 31 30 32 35 31 26 32 39 47 38 48 37 25 12 -2 13 -3 -20 -38 -57 -77 -98 -76 -53 -29 -54 -28 -55 -27 2 32 63
54 15 -472 -670 -791 638 -889 -418 590 310 -193 -899 -747 -370 569 534 -472 80 -21 -104 -866 -704 -663 -225 12 -181 425 38 -565 -118 -382 510 186 -637 -723 22 -987 -769 588 -244 54 104 -381 524 73 288 384 -791 -355 286 -381 -798 -156 603 269
86 1 45 930 602 841 585 345 999 286 -746 -479 -494 -62 -62 -281 465 560 776 648 -535 -312 -761 -819 -479 -637 -40 299 -647 -448 174 491 -468 -440 733 -330 186 566 -590 -261 -583 734 -476 149 481 977 698 494 85 -101 301 -678 213 680 -465 401 -231 -238 -433 -586 -922 -485 547 994 -595 -6 963 -774 -610 786 -159 991 275 929 -33 -855 -522 259 539 -831 315 991 -806 159 -592 -176 -101
29 -497 -498 -496 -499 -495 -500 -506 -499 -491 -482 -492 -481 -493 -480 -466 -481 -465 -482 -464 -483 -463 -442 -420 -397 -373 -398 -372 -345 -317
7 334 335 333 330 326 331 337
115 -622 214 -763 923 657 -763 158 203 -649 -4 795 73 868 -565 302 -201 -982 -462 -287 -671 -893 -843 35 436 -535 221 672 984 999 451 -577 -440 524 -992 64 -928 594 766 -289 -492 -958 326 -821 -972 99 -218 -358 558 332 584 108 381 -213 539 294 968 818 -423 -435 312 4 504 961 -638 989 -379 752 -175 -813 -676 -225 -839 781 638 -319 -622 421 354 569 962 -204 489 -607 -406 -581 -860 773 218 441 381 -444 -561 812 711 -430 -50 979 451 -927 -130 -879 82 599 -111 -76 -520 -235 372 -504 388 -854 -430 978 796 933
92 -567 789 -460 -56 -299 488 703 -910 748 -492 -862 132 -647 495 75 -810 656 -836 -142 873 -27 -417 -58 907 767 -644 809 277 1 934 408 638 978 -981 -18 812 -700 -703 -495 150 -464 -357 -829 598 952 -658 254 -948 721 767 550 981 586 -404 368 -47 953 -796 495 -236 -399 568 -710 539 -192 -461 449 845 938 -787 178 702 -967 -369 637 -756 -957 774 170 538 -5 -804 78 593 199 -341 953 335 480 -676 216 -890
140 -40 -41 -39 -42 -46 -51 -45 -52 -60 -69 -59 -48 -36 -23 -9 6 -10 7 -11 -30 -10 -31 -9 -32 -8 -33 -59 -86 -58 -29 -59 -90 -58 -25 -59 -24 12 -25 -63 -102 -142 -183 -225 -268 -224 -179 -133 -180 -228 -179 -129 -180 -232 -179 -125 -70 -14 43 101 42 102 163 101 164 100 165 231 298 366 435 365 436 364 437 363 288 212 289 211 132 212 293 211 128 212 297 383 470 382 471 381 290 382 475 381 286 190 93 -5 94 -6 95 197 300 404 299 405 298 190 299 409 520 408 295 409 294 178 295 413 294 174 295 173 296 420 545 671 798 926 797 667 536 404 271 405 270 134 -3 -141 -280
37 -41 -667 292 -881 -829 -910 -391 -806 -151 -225 338 -772 -193 -489 -873 762 916 484 635 -421 -960 -30 -649 -47 -19 624 517 746 861 -823 -952 565 -158 -339 -281 616 -388
82 117 116 114 111 115 120 114 107 99 90 80 69 81 68 54 39 55 72 90 71 91 70 48 25 49 24 50 23 -5 24 -6 25 57 90 124 89 53 90 128 167 207 166 208 251 207 162 116 163 115 164 114 165 217 270 216 271 327 270 212 153 213 274 212 275 211 146 80 13 -55 14 -56 15 87 160 86 161 85 8 86 7 -73 -154
53 -441 -442 -440 -437 -441 -446 -440 -447 -455 -446 -456 -445 -433 -420 -434 -419 -435 -452 -470 -489 -509 -530 -508 -485 -461 -486 -460 -487 -459 -488 -458 -427 -395 -362 -328 -293 -257 -294 -332 -293 -253 -212 -170 -213 -169 -214 -168 -121 -73 -122 -172 -223 -171
39 349 348 346 349 353 358 364 371 363 354 344 355 367 354 340 325 309 326 344 363 343 322 300 277 301 276 250 277 249 220 250 281 313 280 314 349 385 422 384
16 703 771 663 236 785 -95 784 -632 -397 -611 -632 259 -1000 -580 393 -273
94 262 263 261 264 260 265 271 278 286 295 285 296 284 297 283 268 284 301 283 264 284 263 241 264 240 215 189 162 190 161 191 222 254 221 187 152 116 79 41 80 120 161 119 162 118 73 119 166 214 165 115 166 218 271 217 272 328 385 443 502 562 501 439 502 566 631 697 630 562 631 701 630 702 775 849 774 698 621 699 620 700 781 699 616 532 447 361 274 362 273 363 454 362 455
132 256 255 253 256 260 265 271 278 270 279 289 300 288 275 289 304 288 271 253 272 252 273 251 228 252 227 253 226 254 283 253 222 254 221 187 152 116 153 191 230 270 311 353 396 440 395 441 394 346 297 247 298 246 193 139 84 28 -29 -87 -28 -88 -149 -87 -150 -86 -21 45 112 180 249 319 390 318 391 465 540 464 387 465 544 464 383 301 384 468 383 469 556 468 557 467 558 650 557 463 368 464 561 463 364 264 163 265 368 264 369 263 156 264 373 483 594 706 593 707 592 476 359 241 360 240 361 483 360 236 111 -15 112 -16 113 243 112
36 -325 125 -875 854 -341 -707 813 695 306 788 -840 468 512 279 -649 197 303 347 -979 296 27 -713 165 -606 -52 -831 -995 -736 -470 482 686 -516 -72 -553 827 596
106 724 209 -244 -783 -190 847 524 -255 -339 -371 533 547 -458 -446 422 8 566 -215 982 -330 346 -180 206 -81 897 -432 -765 312 -779 577 730 -944 -407 401 -902 51 -366 -312 -358 -872 -357 -237 -748 -863 422 503 21 -162 655 -869 394 -292 953 399 86 411 941 -956 30 349 -275 913 -134 269 325 182 751 589 25 441 49 -235 -522 -129 837 837 -808 -45 938 683 124 306 799 -511 455 -587 506 854 358 739 -533 635 -960 103 -424 -214 549 -408 557 397 436 653 -490 411 126 -683
25 -810 365 -162 920 -392 -689 626 -204 708 -178 -257 -834 -488 -434 -844 549 712 79 271 -134 -112 -942 134 55 229
52 -939 -119 -279 -322 -891 270 68 -827 -771 859 35 517 816 14 -869 -333 -523 -405 604 16 603 192 -494 -737 -420 -539 372 -447 -43 -253 -399 278 -456 -528 -794 51 -141 -89 597 -23 -790 -987 185 -521 30 370 -913 323 989 -709 -295 364
95 -842 767 902 -948 -293 -971 739 905 -885 -126 290 -698 218 -582 779 -452 113 860 974 -70 -614 -649 -229 -179 -273 983 655 266 62 975 904 149 -895 387 379 -759 -324 423 -633 -944 -886 339 -571 -519 349 467 -789 -621 901 53 -962 343 -936 -278 -683 -729 300 -866 813 -688 414 457 92 -171 -586 666 -343 488 -527 585 -190 400 -573 502 -431 -125 614 -203 -574 -429 -383 465 974 266 973 -717 -960 -247 434 -559 -195 179 -317 -25 -121
106 386 385 387 390 394 399 405 412 404 395 385 396 384 371 385 400 384 367 349 330 350 371 349 326 302 327 353 326 354 325 295 326 358 391 425 390 354 317 355 394 434 475 433 390 434 389 435 388 436 387 437 386 334 281 335 280 336 279 221 280 340 401 463 400 464 529 463 530 462 531 601 530 458 385 459 384 308 231 153 74 -6 75 157 74 158 73 159 246 334 423 513 422 330 423 329 424 520 617 519 618 518 619 721 618 514 619
60 259 -480 128 344 533 637 137 -549 841 393 -812 -655 961 434 -166 -631 -877 -490 492 744 24 710 505 185 -642 -260 840 766 -93 568 -241 71 488 -496 -120 -7 150 -826 518 277 887 -308 -96 983 138 619 -301 -783 371 -285 -470 -300 -442 -867 -497 573 518 -911 158 453
3 834 -907 -964
99 607 -310 815 252 -186 415 846 -25 -531 -283 997 977 132 -34 -69 -753 427 -778 -958 856 714 167 -743 -439 -888 153 -641 -484 970 944 -130 916 -61 -613 -246 -869 810 -742 -466 692 606 512 -147 444 -149 -951 981 37 172 -403 -538 -152 983 -955 -540 -908 -392 867 304 105 136 881 -523 60 -791 28 -594 -244 -897 412 -711 -648 -926 -732 259 -666 -929 861 179 -773 -28 616 -797 -362 -91 798 -176 440 -102 291 -807 -1 521 -91 259 347 -739 21 7
150 -147 791 -811 -608 600 -504 -177 -230 547 552 -865 6 -516 -350 -426 980 860 28 824 865 26 679 207 -609 -395 330 -588 246 -575 697 604 63 -792 -843 603 -787 -703 -784 -894 424 -154 -871 -505 94 -229 -139 710 298 -361 -76 312 338 -165 -531 -523 -397 -339 -92 938 -810 -204 1 -635 -848 -827 -230 -37 -141 -947 -188 313 785 529 457 -568 -420 607 173 -836 -788 -929 237 791 223 -27 -627 396 -272 -469 737 -465 -225 328 -589 537 -861 -246 -644 -494 120 -496 -604 642 995 735 -894 -795 -352 -378 898 602 -341 -974 419 -602 427 176 -53 -571 85 -431 4 655 310 90 150 402 152 613 50 875 939 582 193 -481 -69 680 -248 659 303 746 -248 636 665 634 716 291 58 -989 -71
42 362 363 361 364 360 365 359 366 358 367 377 366 378 365 351 366 382 365 383 402 422 443 421 444 420 395 369 342 314 285 255 224 256 223 189 154 190 153 115 76 36 77
9 8 9 7 10 6 12 17 24 38
33 -564 -366 -335 211 505 -856 -262 -889 268 -936 -88 -34 964 0 -27 183 -801 -695 408 28 -625 796 282 -220 829 -186 880 573 571 959 -163 -9 -223
3 7 7 8
149 29 28 26 29 25 30 24 17 25 34 44 55 67 80 94 79 63 46 64 45 25 46 24 47 23 -2 24 -3 25 54 24 -7 25 58 92 127 91 54 92 53 13 -28 -70 -27 17 62 16 -31 -79 -30 20 -31 21 -32 -86 -31 25 82 140 199 139 200 262 325 261 326 260 327 259 190 120 191 119 46 -28 47 123 46 -32 -111 -31 50 -32 51 135 220 134 47 135 224 314 223 131 224 130 35 131 34 -64 35 -65 36 138 35 -69 -174 -280 -387 -495 -604 -714 -603 -491 -604 -490 -375 -491 -374 -256 -137 -17 -138 -16 107 -17 -142 -16 -143 -271 -400 -270 -401 -533 -666 -532 -397 -261 -398 -536 -397 -257 -116 -258 -115 -259 -404 -550 -403 -551
54 -12 -901 153 -58 -696 -669 -111 855 -768 -564 -239 406 -323 -979 990 -847 -889 -42 -736 -715 76 -776 734 -212 -375 -601 302 302 98 6 429 890 -105 201 -229 -616 -289 436 334 760 -692 730 525 -746 438 -904 -691 -413 -833 266 441 125 993 -701
6 818 -48 59 -835 -512 547
137 -109 -108 -106 -109 -105 -110 -104 -97 -105 -96 -86 -75 -63 -76 -62 -47 -31 -48 -30 -49 -29 -50 -72 -49 -73 -48 -74 -101 -73 -102 -132 -101 -69 -102 -136 -101 -137 -100 -62 -101 -141 -182 -224 -181 -137 -182 -228 -275 -323 -372 -422 -371 -423 -370 -424 -479 -535 -478 -536 -477 -537 -476 -414 -351 -415 -350 -284 -217 -149 -80 -150 -79 -7 66 140 215 139 62 -16 -95 -15 -96 -178 -95 -179 -264 -178 -91 -3 -92 -2 89 181 88 -6 89 -7 -104 -202 -103 -203 -304 -406 -509 -613 -508 -402 -295 -403 -294 -184 -73 -185 -298 -184 -69 47 164 282 163 43 -78 -200 -323 -447 -572 -698 -825 -697 -826 -696 -565 -433 -566 -432 -297 -161