8 8 8 8 55 55 55 55 32 32 32 32 32 32 32 32 32 32 95 95 95 95 95 95 95 95 31 31 76 26 26 26 26 26 26 26 26 26 26 26 0 0 0 0 0 0 0 0 0 7 7 7 7 7 7 7 7 7 52 52 52 92 92 92 92 92 92 92 92 92 92 92 92 92 92 92 92 92 92 92 42 89 89 89 89 89 89 89 89 89 60 60 60 60 60 60 49 49 49 49 49 5 29 29 29
28 28 28 28 28 28 28 28 28 6 6 6 6 6 6 6 6 6 23 23 23 23 23 23 23 59 59 59 59 59 73 73 73 73 73 73 73 45 45 45 45 38 38 38 38 38 38 38 38 38
2 2
27 19 19 19 19 19 19 19 19 19 9 9 9 70 70 31 31 31 31 31 63 63 63 63 63 63 63 63 1 1 1 1 1 1 1 1 1 1 75 75 75 75 75 75 75 75 75 75 79 79 79 79 79 70 36 36 36 36 31 31 31 31
94 94 25 25 25 25 25 16 16 16 16 16 16 16 30 30 30 30 30 65 65 65 65 65 65 65 84 84 84 84 84 84 84 84 48 48 48 48 48 48 48 64 64 64 64 64 64 29 29 29 97 97 97 97 97
9
4 4 98 98 20 20 20 20 49 49 7 7 7 7 7 76 76 76 76 76 76 76 56 56 56 56 56 56
8 8 8 8 8 8 8 8
41 41 44 44 76 76 76 76 22 22 22 22 22 55 55 55 55 55 55 55 55 55 55 73 73 73 73 40 40 12 12 43 43 43 43 43 43 43 30 30 30 30 30 30 30 44 44 44 44 44 44 44 44 63 63 76 76 76 76 76 76 76 76 77 77 85 85 85 85 80 80 80 80 80 80 80 80 80 80
16 16 16 92 92 92 92 92 92 92 92 92 92 60 60 60 25 25 37 37 37 37 37 37 37 37 37 65 14 14 14 14 55 55 55 55 62 62 62 62 89 59 59 59 38 38 38 66 66 66 66 66 66 23 23 55 55 55 55 55 55 55 55 55 55 15 15 15 15 94 94 94 94 94 94 94 39 49 49 49 49 49 49 49
1 0
21 21 21 21 25 40 40 40 40 40 40 40 40
51 51 51 51 51 51 51 71 71 71 71 71 8 8 8 8 8 8 8 8 63 63 85 85 85 85 85 85 1 1 1 1 1 1 1 64 64 64 21 21 21 21 7 7 7 7 7 7 7 17 17 17 17 17 17 17 22 22 36 36 36 36 36 36 36 2 16 16 16 82 82 43 43 43 43 45 45
44 44 44 44 44 22 22 22 22 22 22 22
92 92 92 92 92 92 92 92 92 72 39 39 39 39 39 39 39 39 52 52 52 52 52 52 52 52 25 25 25 86 86 86 86 78 78 78 78 78 78 77 77 77 77 77 77 77 77 44 44 49 49 49 75 75 75 75 75 75 75 75 75 54 54 54 54 86 86 86 86 10 10 10 10 10 10 10
39 39 39 39 39 39 39 39 21 21 10 10 17 17 17 17 17 17 17 17 17 10 10
72 72 72 72 72 72 72 72 72 72 38 38 38 38 38 38 38 38 3 3 3 3 3 3 3 3 3 3 89 89 89 89 89 89 89 23 23 23 23 23 23 23 23 23 61
3
47 47 47 47 47 47 47 47 71 71 71 71 71 71 72 72 72 72 72 72 68 72 72 72 72 72 72 72 72 72 83 83 83 83 83 33 33 33 33 33 33 33 18 18 18 18 18 18 18 18 33 47 47 47 47 47 47 89 89 89 89 89 89 89 89 89 72 72 72 72 72 72 72 72 72
1 1 3 3 3 2 2 2 2 14 14 14 11 11 11 2
76 76 76 14 14 76 76 76 76 76 76 76 0 0 0 0 0 0 0 0 13 13 13 13 13 13 13 13 13 13 65 4 4 4 4 4 4 4 4 4 4 62 62 62 62 62 62
12 12 21 15 15 15 61 61 61 61 61 61 61 51 51 51 51 51 26 26 26 26 26 26 26 48 48 48 48 48 48 48 48 48 1 1 1 1 1 1 1 39 4 4 4 4 42 42 28 28 28 28 28 28 28 28 28 58 58 58 58 58 58 58
1 1 1 1 1 1 1 1 64 64 64 64 64 64 64 64 64 64 30 30 30 88 88 88 88 88 88 88 57 57 57 57 57 57 60 60 60 60 60 60 60 60 60 60 40 40 40 40 40 40 40 40 88 88 88 88 88 88 88 88 88 88 61 61 61 61 61 61
45 45 45 45 45 45 45 89 89 89 89 89 25 25 25 25 25 25 25 25 25 20 62 62 32 32 32 22 22 22 62 62 62 62 62 62 62 62 62 62 70 70 70 70 70 5 5 5 5 5 5 5 23 23 23 45 45 39 39 39 39 39 39 39 63 63 35 35 2 2 2 2 2 2 2 2 2 92 92 92 92 92 58 58 58 58 58 58
81 81 81 83 83 83 83 83 83 83 2 2 2 2 2 2 97 97 97 97 97 71 71 71 71 53 53 51 51 51 51 51 51 88 88 88 88 88 88 88 88 88 13 13 79 79 15 15 15 15 15 15 15 15
9 9 9 9 9 9 3 3 3 3 3 3 3 3 3 84 84 84 84 84 84 84 19 19 84 84 84 84 84 84 84 84 84 55 55 55 55 55 55 55 53 53 53 53 17 17 17 17 17 17 17 17 17 87 87 87 87 87 87 34 34 51 51 51 92 92 92 92 92 92 92 92 92 92 47 47 47 47 47 47 47 47
47 47 38 38 38 38 38 38 13 13 13 13 13 13 13 68 68 68 98 98 98 98 98 98 98 98 98 98 74 74 74 74 74 74 74 74
49 49 49 49 49 49 49 49 32 32 32 32 46 46 46 46 46 68 68 68 68 29 29 29 29 29 74 74 74 89 89 89 89 89 89 89 89 89 17 17 17 17 17 17 17 17 17 17 11 11 11 11 11 84 84 84 84 84 84 84 32 32 32 32 32 32 32 32 32 32 64 64 64 64 64 64 64 42 42 42 42 18 18 97 97 97 97 97 96 96 96 96 96 3 3 3 3 3 3 70 70 70 70 70 70 96 96 96 96 96
0 0 23 23 23 23 23 23 11 11 16 98 98 98 98 98 98 98 98 52 52 52 52 52 52 52 68 68 68 68 73 73 73 73 73 73 73 65 65 65 65 65 35 35 35 35 35 35 35 35 35 35 86 86 86 86 86 86
59 59 59 74 74 74 74 91 91 91 91 91 91 91 32 30 30 30 90 90 90 90 90 90 90 90 50 50 20 20 20 20 20 20 20 20
37 37 37 37 37 37 60 60 60 60 60 60 60 65 50 50 50 50 50 50 50 50
2 2 2 2 2 29 29 29 29 29 61 61 61 61 61 61 61 14 14 14 90 90 90 90 90 90 90 8 8 8 8 8 8 8 8 33 33 33 33 33 33 33 87 87 87
4 4 4 4 4 68 68 68 68 59 59 59 59 59 59 59 59 77 77 77 50 50 50 50 6 82 82 82 82 8 8 8 8 8 8 8 4 4 4 4 4 4 4 4 4 27 27 27 48 48 48 48 48 48 98 98 98 98 98 90 90 90 90 90 90 90 88 88 88 88 88 88 88 27 27 2 2 2
83 83 83 83 83 83 83 83 83 13 13 45 45 45 45 45 45 76 76 76 76 76 26 26 26 26 26 26 26 58 58 58 58 58 58 58 26 26 26
2 4 4 4 6 6 6 6 6 8 8 8 8 8 8 8 10 10 10 10 10 10 10 10 10
40 40 40 40 29 29 29 29 29 29 29 29 57 57 92 92 92 92 92 86 86 86 86 86 86 86 86 86 86
92 92 92 92 92 92 92 92 64 64 64 64 64 64 64 64 64 64 62 62 89 89 89 89 89 89 89 89 89 90 90 90 90 90 90 90 62 62 62 9 9 9 9 9 9 9 9 10 10 10 10 29 29 29 7 7 13 13 13 13 13 13 13 13 13 13 95 95 64 64 64 64 64 64 64 64 64 64
95 95 95 95 95 95 95 95 95 67 67 67 67 67 67 67 67 67 67 11 11 11 11 11 11 9 9 9 9 9 9 9 9 9 9 0 0 0 0 0 0 0 0 0 0 49 49 49 49 49 49 33 48 42 42 42 99 99 99 99 99 92 92 92 92 92 92 92 92 25 25 25 70 70 70 70 70 70 70 70 70 70 84 4 4 4 4 4 4 4 4 4 4 81 81 81 81 81 81 81 81 81 81
0
12 12 12 67 67 67 67 67 67 67 67 67 67 20 20 20 20 20 20 20 20 20 20 59 59 59 59 70 70 97 97 97 97 97 50 50 50 50 50 50 50 50 29 29 29 29 29 29 29 29 29 29 6 6 6 6 6 6 6 6 29 29 29 29 29 29 29 95 95 11 11 11 11 11 11 11 11 11 47 47 0 0 0 0 0 0 0 21 21 21 21 21 21 21 66 66 66 66 66 66 66
5 5 5 5 5
73 73 73 73 41 41 41 41 41 41 41 41 41 41
8
72 72 72 72 46 46 46 32 32 32 32 73 73 73 73 73 73 73 73 73 73
23 23 23 23 23 23 23 23 23 64 64 64 64 64 64 64 1 18 23 23 23 23 23 59 59 59 59 59 52 10 10 10 10 10 24 24 24 24 70 70 70 70 70 70 70 70 70 70 97 97 97 97 97 97 97 97 49 49
10 10 68 68 68 68 6 6 6 6 6 6 6 6 51 51 51 51 51 51 51 6 20 20 20 20 20 20 20 20 20 20 27 49 49 49 49 49 49 49 49 88 88 88 88 88 88 88 88 88 88 75 75 56 56 50 50 50 50 50 50 50 34 57 57 57 57
8
42 42 42 42 42 42 42 61 61 61 61 61 46 46 46 46 46 46 46 25 41 41 41 41 41 41 41 41 34 34 34 34 34 34 34 34 23 23 23 23 23 55 55 55 55 55 55 55 55 45 45 45 45 45 45 34 34 34 34 34 34 34 34
71 71 7 7 7 7 7 60 60 60 60 60 60 60 60 60 60 7 7 7 7 7
21 21 21 21 21 21 88 88 88 88 88 88 79 79 79 79 79 79 79 79 41 41 41 41 41 36 36 36 36 36 36 36 93 93 93 93 93 93 93 93 93 99 99 99 99 86 86 86 86 86 86 86 74 74 74 74 74 74 74 74 74 74 65 91 69 69 69 38 38 38 24 24 24 24 24 24 24 23 23 23 23 23 23 73 73 73 73 10 10 10 10 10 10 10 10 10 72 72 72 72 72 72 26 26 26 26 26 26 26 88 88 88 88 88 88 65